negation_ratio,
0.005050505050505051,
0.012658227848101266,
0.0026455026455026454,
0.04040404040404041,
0.015521064301552107,
0.0436046511627907,
0.0291005291005291,
0.046296296296296294,
0.023255813953488372,
0.014598540145985401,
0.023054755043227664,
0.0272,
0.03925619834710744,
0.02909090909090909,
0.02912621359223301,
0.016129032258064516,
0.019230769230769232,
0.014018691588785047,
0.028901734104046242,
0.016574585635359115,
0.008928571428571428,
0.02708803611738149,
0.0035587188612099642,
0.022222222222222223,
0.0017730496453900709,
0.0022123893805309734,
0.0022026431718061676,
0.00684931506849315,
0.005405405405405406,
0.027777777777777776,
