pronouni_ratio,
0.29292929292929293,
0.3291139240506329,
0.3201058201058201,
0.16161616161616163,
0.31263858093126384,
0.25290697674418605,
0.4417989417989418,
0.3055555555555556,
0.2823920265780731,
0.26520681265206814,
0.3112391930835735,
0.2912,
0.29545454545454547,
0.2581818181818182,
0.34627831715210355,
0.2764976958525346,
0.2153846153846154,
0.29906542056074764,
0.26011560693641617,
0.2154696132596685,
0.30952380952380953,
0.2618510158013544,
0.3202846975088968,
0.2611111111111111,
0.25177304964539005,
0.21017699115044247,
0.2753303964757709,
0.2876712328767123,
0.2594594594594595,
0.3111111111111111,
