pronounthey_ratio,
0.020202020202020204,
0.012658227848101266,
0.0026455026455026454,
0.010101010101010102,
0.0,
0.020348837209302327,
0.0026455026455026454,
0.0,
0.0033222591362126247,
0.012165450121654502,
0.01440922190201729,
0.016,
0.0,
0.0036363636363636364,
0.003236245954692557,
0.002304147465437788,
0.015384615384615385,
0.0,
0.0,
0.0,
0.0,
0.004514672686230248,
0.0071174377224199285,
0.0,
0.0035460992907801418,
0.0022123893805309734,
0.004405286343612335,
0.00684931506849315,
0.005405405405405406,
0.011111111111111112,
