pronounhe_ratio,
0.11616161616161616,
0.12658227848101267,
0.14285714285714285,
0.16161616161616163,
0.11751662971175167,
0.10755813953488372,
0.0582010582010582,
0.18518518518518517,
0.15282392026578073,
0.1630170316301703,
0.15561959654178675,
0.176,
0.17148760330578514,
0.16,
0.07766990291262135,
0.1497695852534562,
0.11923076923076924,
0.09813084112149532,
0.1676300578034682,
0.16574585635359115,
0.1636904761904762,
0.1670428893905192,
0.09608540925266904,
0.1361111111111111,
0.1400709219858156,
0.1902654867256637,
0.16740088105726872,
0.0821917808219178,
0.08648648648648649,
0.1111111111111111,
