pronounwe_ratio,
0.027777777777777776,
0.06329113924050633,
0.0291005291005291,
0.020202020202020204,
0.03325942350332594,
0.0377906976744186,
0.015873015873015872,
0.06481481481481481,
0.059800664451827246,
0.08029197080291971,
0.043227665706051875,
0.0448,
0.030991735537190084,
0.06909090909090909,
0.016181229773462782,
0.03686635944700461,
0.03461538461538462,
0.028037383177570093,
0.04046242774566474,
0.027624309392265192,
0.020833333333333332,
0.0,
0.010676156583629894,
0.027777777777777776,
0.07624113475177305,
0.02654867256637168,
0.03524229074889868,
0.0273972602739726,
0.05405405405405406,
0.05555555555555555,
