lex_diversity
0.25886524822695034
0.46296296296296297
0.336986301369863
0.4315068493150685
0.3474903474903475
0.36627906976744184
0.46060606060606063
0.5849056603773585
0.3408521303258145
0.2949640287769784
0.3835616438356164
0.4
0.40425531914893614
0.5752212389380531
0.3446601941747573
0.4186046511627907
0.37209302325581395
0.28213166144200624
0.31901840490797545
0.4046242774566474
0.5528455284552846
0.5526315789473685
0.46745562130177515
0.44502617801047123
0.5072463768115942
0.4169611307420495
0.584
0.2638717632552404
0.37
