negation_ratio,
0.0035460992907801418,
0.018518518518518517,
0.00821917808219178,
0.003424657534246575,
0.003861003861003861,
0.014534883720930232,
0.006060606060606061,
0.0,
0.010025062656641603,
0.007194244604316547,
0.017123287671232876,
0.0,
0.0,
0.0,
0.009708737864077669,
0.0,
0.01627906976744186,
0.012539184952978056,
0.015337423312883436,
0.0,
0.016260162601626018,
0.02631578947368421,
0.029585798816568046,
0.0,
0.057971014492753624,
0.045936395759717315,
0.0,
0.0012330456226880395,
0.006666666666666667,
