pronounwe_ratio,
0.028368794326241134,
0.05092592592592592,
0.0273972602739726,
0.023972602739726026,
0.011583011583011582,
0.029069767441860465,
0.012121212121212121,
0.07547169811320754,
0.017543859649122806,
0.011990407673860911,
0.023972602739726026,
0.06,
0.1276595744680851,
0.035398230088495575,
0.0048543689320388345,
0.03488372093023256,
0.06744186046511629,
0.018808777429467086,
0.06134969325153374,
0.07514450867052024,
0.008130081300813009,
0.008771929824561403,
0.005917159763313609,
0.010471204188481676,
0.014492753623188406,
0.0176678445229682,
0.024,
0.04438964241676942,
0.08,
