pronoun1_ratio,
0.28900709219858156,
0.24537037037037038,
0.1917808219178082,
0.22602739726027396,
0.1969111969111969,
0.19767441860465115,
0.17575757575757575,
0.24528301886792453,
0.23308270676691728,
0.23741007194244604,
0.2226027397260274,
0.2733333333333333,
0.19148936170212766,
0.24778761061946902,
0.34951456310679613,
0.2616279069767442,
0.2116279069767442,
0.22570532915360503,
0.29754601226993865,
0.2138728323699422,
0.21138211382113822,
0.21052631578947367,
0.38461538461538464,
0.2617801047120419,
0.2463768115942029,
0.31095406360424027,
0,
0.256,
0.28976572133168926,
0.18,
