pronoun3_ratio,
0.010638297872340425,
0.009259259259259259,
0.010958904109589041,
0.010273972602739725,
0.003861003861003861,
0.01744186046511628,
0.006060606060606061,
0.018867924528301886,
0.005012531328320802,
0.002398081534772182,
0.010273972602739725,
0.0,
0.09574468085106383,
0.017699115044247787,
0.0,
0.02616279069767442,
0.03953488372093023,
0.009404388714733543,
0.009202453987730062,
0.04335260115606936,
0.0,
0.008771929824561403,
0.0,
0.005235602094240838,
0.007246376811594203,
0.0035335689045936395,
0,
0.0,
0.014796547472256474,
0.06,
