pronouni_ratio,
0.3617021276595745,
0.25925925925925924,
0.2054794520547945,
0.2465753424657534,
0.20463320463320464,
0.20930232558139536,
0.17575757575757575,
0.2641509433962264,
0.2581453634085213,
0.27577937649880097,
0.2363013698630137,
0.3933333333333333,
0.20212765957446807,
0.26548672566371684,
0.36893203883495146,
0.26744186046511625,
0.22093023255813954,
0.23824451410658307,
0.3067484662576687,
0.23699421965317918,
0.21951219512195122,
0.21929824561403508,
0.39644970414201186,
0.2670157068062827,
0.2608695652173913,
0.3321554770318021,
0.256,
0.29839704069050554,
0.22666666666666666,
