pronounhe_ratio,
0.12234042553191489,
0.09259259259259259,
0.11506849315068493,
0.16095890410958905,
0.10424710424710425,
0.13372093023255813,
0.09696969696969697,
0.16981132075471697,
0.11779448621553884,
0.06235011990407674,
0.11643835616438356,
0.14,
0.18617021276595744,
0.08849557522123894,
0.10194174757281553,
0.15988372093023256,
0.16511627906976745,
0.1786833855799373,
0.18098159509202455,
0.09826589595375723,
0.18699186991869918,
0.24561403508771928,
0.07100591715976332,
0.09947643979057591,
0.08695652173913043,
0.14840989399293286,
0.112,
0.11713933415536375,
0.12333333333333334,
