lex_diversity
0.3611111111111111
0.7721518987341772
0.3492063492063492
0.5555555555555556
0.3259423503325942
0.45058139534883723
0.29365079365079366
0.4537037037037037
0.46511627906976744
0.41362530413625304
0.3688760806916426
0.3248
0.33264462809917356
0.5272727272727272
0.30097087378640774
0.41935483870967744
0.3423076923076923
0.5186915887850467
0.47398843930635837
0.5193370165745856
0.36607142857142855
0.255079006772009
0.4804270462633452
0.3527777777777778
0.33865248226950356
0.2676991150442478
0.36784140969163
0.547945205479452
0.4810810810810811
0.49444444444444446
