pronounwe_ratio,
0.0,
0.012658227848101266,
0.021164021164021163,
0.010101010101010102,
0.0022172949002217295,
0.01744186046511628,
0.0,
0.0,
0.04983388704318937,
0.031630170316301706,
0.005763688760806916,
0.0048,
0.006198347107438017,
0.05090909090909091,
0.006472491909385114,
0.0069124423963133645,
0.026923076923076925,
0.02336448598130841,
0.005780346820809248,
0.0,
0.011904761904761904,
0.0,
0.010676156583629894,
0.002777777777777778,
0.026595744680851064,
0.004424778761061947,
0.01762114537444934,
0.0,
0.032432432432432434,
0.016666666666666666,
