pronouni_ratio,
0.24494949494949494,
0.3037974683544304,
0.30423280423280424,
0.1414141414141414,
0.20842572062084258,
0.24709302325581395,
0.3994708994708995,
0.26851851851851855,
0.26245847176079734,
0.24817518248175183,
0.276657060518732,
0.2816,
0.2727272727272727,
0.24363636363636362,
0.32362459546925565,
0.23963133640552994,
0.21153846153846154,
0.2897196261682243,
0.24855491329479767,
0.1878453038674033,
0.30952380952380953,
0.1963882618510158,
0.30604982206405695,
0.2611111111111111,
0.19858156028368795,
0.168141592920354,
0.2687224669603524,
0.23972602739726026,
0.23243243243243245,
0.26666666666666666,
