pronounthey_ratio,
0.020202020202020204,
0.0,
0.0026455026455026454,
0.010101010101010102,
0.0,
0.01744186046511628,
0.0026455026455026454,
0.0,
0.0033222591362126247,
0.009732360097323601,
0.01440922190201729,
0.0144,
0.0,
0.0036363636363636364,
0.003236245954692557,
0.002304147465437788,
0.011538461538461539,
0.0,
0.0,
0.0,
0.0,
0.002257336343115124,
0.0071174377224199285,
0.0,
0.0035460992907801418,
0.0022123893805309734,
0.0022026431718061676,
0.00684931506849315,
0.005405405405405406,
0.005555555555555556,
